{
  "accessors": [
    {
      "bufferView": 2,
      "componentType": 5126,
      "count": 65532,
      "max": [
        -1.7416722774505615,
        -4.6024279594421387,
        81.203422546386719
      ],
      "min": [
        -4.3377799987792969,
        -5.5634779930114746,
        79.740631103515625
      ],
      "type": "VEC3"
    },
    {
      "bufferView": 2,
      "byteOffset": 786384,
      "componentType": 5126,
      "count": 65532,
      "max": [
        0.89965343475341797,
        0.99996316432952881,
        0.99901407957077026
      ],
      "min": [
        -0.99826169013977051,
        -0.99999743700027466,
        -0.99999856948852539
      ],
      "type": "VEC3"
    },
    {
      "bufferView": 3,
      "componentType": 5126,
      "count": 65532,
      "max": [
        0.99052494764328003,
        0.98827159404754639,
        0.99913060665130615,
        1
      ],
      "min": [
        -0.9999881386756897,
        -0.99929898977279663,
        -0.98587191104888916,
        -1
      ],
      "type": "VEC4"
    },
    {
      "bufferView": 3,
      "byteOffset": 1048512,
      "componentType": 5126,
      "count": 65532,
      "max": [
        0.89411765336990356,
        0.87843137979507446,
        0.81568628549575806,
        1
      ],
      "min": [
        0.11372549086809158,
        0.043137256056070328,
        0.027450980618596077,
        1
      ],
      "type": "VEC4"
    },
    {
      "bufferView": 1,
      "componentType": 5126,
      "count": 65532,
      "max": [
        0.99094027280807495,
        1
      ],
      "min": [
        0.0027000643312931061,
        0
      ],
      "type": "VEC2"
    },
    {
      "bufferView": 0,
      "componentType": 5125,
      "count": 376263,
      "max": [
        65531
      ],
      "min": [
        0
      ],
      "type": "SCALAR"
    },
    {
      "bufferView": 2,
      "byteOffset": 1572768,
      "componentType": 5126,
      "count": 29720,
      "max": [
        -1.0989762544631958,
        -4.6024775505065918,
        81.279502868652344
      ],
      "min": [
        -2.3954465389251709,
        -5.6064724922180176,
        80.057647705078125
      ],
      "type": "VEC3"
    },
    {
      "bufferView": 2,
      "byteOffset": 1929408,
      "componentType": 5126,
      "count": 29720,
      "max": [
        0.99988013505935669,
        0.99988806247711182,
        1
      ],
      "min": [
        -0.99817490577697754,
        -0.99999672174453735,
        -0.99490416049957275
      ],
      "type": "VEC3"
    },
    {
      "bufferView": 3,
      "byteOffset": 2097024,
      "componentType": 5126,
      "count": 29720,
      "max": [
        0.91819822788238525,
        0.99999749660491943,
        0.99848443269729614,
        1
      ],
      "min": [
        -0.99925005435943604,
        -0.93080276250839233,
        -0.98570805788040161,
        -1
      ],
      "type": "VEC4"
    },
    {
      "bufferView": 3,
      "byteOffset": 2572544,
      "componentType": 5126,
      "count": 29720,
      "max": [
        0.93725490570068359,
        0.95686274766921997,
        0.9529411792755127,
        1
      ],
      "min": [
        0.16078431904315948,
        0.054901961237192154,
        0.050980392843484879,
        1
      ],
      "type": "VEC4"
    },
    {
      "bufferView": 1,
      "byteOffset": 524256,
      "componentType": 5126,
      "count": 29720,
      "max": [
        0.98533356189727783,
        1
      ],
      "min": [
        5.6983393733389676e-05,
        0.025096112862229347
      ],
      "type": "VEC2"
    },
    {
      "bufferView": 0,
      "byteOffset": 1505052,
      "componentType": 5125,
      "count": 163737,
      "max": [
        29719
      ],
      "min": [
        0
      ],
      "type": "SCALAR"
    }
  ],
  "asset": {
    "extras": {
      "author": "kyt6350 (https://sketchfab.com/kyt6350)",
      "license": "CC-BY-4.0 (http://creativecommons.org/licenses/by/4.0/)",
      "source": "https://sketchfab.com/3d-models/sweet-potato-380ac75004db490db8a0fa9b777d4188",
      "title": "Sweet potato"
    },
    "generator": "Sketchfab-6.36.0",
    "version": "2.0"
  },
  "bufferViews": [
    {
      "buffer": 0,
      "byteLength": 2160000,
      "byteOffset": 0,
      "name": "floatBufferViews",
      "target": 34963
    },
    {
      "buffer": 0,
      "byteLength": 762016,
      "byteOffset": 2160000,
      "byteStride": 8,
      "name": "floatBufferViews",
      "target": 34962
    },
    {
      "buffer": 0,
      "byteLength": 2286048,
      "byteOffset": 2922016,
      "byteStride": 12,
      "name": "floatBufferViews",
      "target": 34962
    },
    {
      "buffer": 0,
      "byteLength": 3048064,
      "byteOffset": 5208064,
      "byteStride": 16,
      "name": "floatBufferViews",
      "target": 34962
    }
  ],
  "buffers": [
    {
      "byteLength": 8256128,
      "uri": "scene.bin"
    }
  ],
  "materials": [
    {
      "doubleSided": true,
      "emissiveFactor": [
        0,
        0,
        0
      ],
      "name": "material0",
      "pbrMetallicRoughness": {
        "baseColorFactor": [
          0.80000000000000004,
          0.80000000000000004,
          0.80000000000000004,
          1
        ],
        "metallicFactor": 0,
        "roughnessFactor": 0.95770514946237739
      }
    }
  ],
  "meshes": [
    {
      "name": "Model_material0_0",
      "primitives": [
        {
          "attributes": {
            "COLOR_0": 3,
            "NORMAL": 1,
            "POSITION": 0,
            "TANGENT": 2,
            "TEXCOORD_0": 4
          },
          "indices": 5,
          "material": 0,
          "mode": 4
        }
      ]
    },
    {
      "name": "Model_material0_0",
      "primitives": [
        {
          "attributes": {
            "COLOR_0": 9,
            "NORMAL": 7,
            "POSITION": 6,
            "TANGENT": 8,
            "TEXCOORD_0": 10
          },
          "indices": 11,
          "material": 0,
          "mode": 4
        }
      ]
    }
  ],
  "nodes": [
    {
      "children": [
        1
      ],
      "name": "RootNode (gltf orientation matrix)",
      "rotation": [
        -0.70710678118654746,
        -0,
        -0,
        0.70710678118654757
      ]
    },
    {
      "children": [
        2
      ],
      "name": "RootNode (model correction matrix)"
    },
    {
      "children": [
        3
      ],
      "matrix": [
        1,
        0,
        0,
        0,
        0,
        -1,
        0,
        0,
        0,
        0,
        -1,
        0,
        0,
        0,
        0,
        1
      ],
      "name": "13b71dd950ec492286b47bfc1f3852bc.fbx"
    },
    {
      "children": [
        4,
        7,
        9,
        11,
        13,
        15,
        17,
        19,
        21,
        23,
        25,
        27,
        29,
        31,
        33,
        35,
        37,
        39,
        41,
        43,
        45,
        47,
        49,
        51,
        53,
        55,
        57,
        59,
        61,
        63,
        65,
        67,
        69,
        71,
        73,
        75,
        77,
        79,
        81,
        83,
        85,
        87,
        89,
        91,
        93,
        95,
        97,
        99,
        101,
        103,
        105,
        107,
        109,
        111,
        113,
        115
      ],
      "name": "RootNode"
    },
    {
      "children": [
        5,
        6
      ],
      "name": "Model"
    },
    {
      "mesh": 0,
      "name": "Model_material0_0"
    },
    {
      "mesh": 1,
      "name": "Model_material0_0"
    },
    {
      "children": [
        8
      ],
      "matrix": [
        -0.51471530519570274,
        -0.81806719940667783,
        -0.25658178394463205,
        0,
        0.029447086972441583,
        -0.31596090510969521,
        0.94831512458206635,
        0,
        -0.85685531081165189,
        0.48055672266359706,
        0.18671960967367707,
        0,
        0.0016224398277699947,
        -0.056816384196281433,
        81.776557922363281,
        1
      ],
      "name": "20190928_222608.jpg"
    },
    {
      "name": ""
    },
    {
      "children": [
        10
      ],
      "matrix": [
        -0.51154054439840957,
        -0.82601309088048658,
        -0.23670370747126923,
        0,
        0.019640871758257405,
        -0.28664254488047924,
        0.9578362530312885,
        0,
        -0.85903463701596738,
        0.4853230111570106,
        0.16285290064453095,
        0,
        0.024754844605922699,
        -0.043092958629131317,
        81.651054382324219,
        1
      ],
      "name": "20190928_222615.jpg"
    },
    {
      "name": ""
    },
    {
      "children": [
        12
      ],
      "matrix": [
        -0.49665513160030983,
        -0.85216496412543163,
        -0.16476818313066693,
        0,
        0.011106179043165798,
        -0.19606052035286003,
        0.98052890071941645,
        0,
        -0.86787691122770427,
        0.48515476528224238,
        0.1068387602033648,
        0,
        -0.0031529739499092102,
        0.0032076556235551834,
        81.287757873535156,
        1
      ],
      "name": "20190928_222618.jpg"
    },
    {
      "name": ""
    },
    {
      "children": [
        14
      ],
      "matrix": [
        -0.6274200851037337,
        -0.77558947622388885,
        -0.069318115808041258,
        0,
        -0.012475354010358375,
        -0.078996418451883876,
        0.9967968355758815,
        0,
        -0.77858101848859607,
        0.6262751234421885,
        0.039888186305369833,
        0,
        0.59550958871841431,
        0.80903434753417969,
        80.95526123046875,
        1
      ],
      "name": "20190928_222644.jpg"
    },
    {
      "name": ""
    },
    {
      "children": [
        16
      ],
      "matrix": [
        -0.53771101822205769,
        -0.83534287243478555,
        0.11432036719237559,
        0,
        0.0038974690703869608,
        0.13312643738941699,
        0.9910913991165734,
        0,
        -0.84312019938881988,
        0.5333663254653439,
        -0.068327829192455614,
        0,
        0.39371135830879211,
        1.2394727468490601,
        79.704086303710938,
        1
      ],
      "name": "20190928_222649.jpg"
    },
    {
      "name": ""
    },
    {
      "children": [
        18
      ],
      "matrix": [
        -0.47507721075047882,
        -0.85575025745340016,
        0.20492227964275789,
        0,
        0.040541075017658412,
        0.21134761086470866,
        0.97656981758509842,
        0,
        -0.87900970703511461,
        0.4722538345532189,
        -0.065713398084584762,
        0,
        -0.3181588351726532,
        1.720854640007019,
        78.655967712402344,
        1
      ],
      "name": "20190928_222655.jpg"
    },
    {
      "name": ""
    },
    {
      "children": [
        20
      ],
      "matrix": [
        -0.45687037523153506,
        -0.83604880003089965,
        0.30379576067267472,
        0,
        0.02347557764719449,
        0.33007143457521215,
        0.94366400023079811,
        0,
        -0.88922345756841503,
        0.43826390684649597,
        -0.13117313164561906,
        0,
        -0.52253890037536621,
        1.2652198076248169,
        77.984687805175781,
        1
      ],
      "name": "20190928_222659.jpg"
    },
    {
      "name": ""
    },
    {
      "children": [
        22
      ],
      "matrix": [
        -0.44601952400351896,
        -0.81333335828049336,
        0.37357118801621847,
        0,
        0.025340473157052679,
        0.40574439882655611,
        0.91363523533248925,
        0,
        -0.89466443129692541,
        0.41696562343801324,
        -0.16035967149847208,
        0,
        -0.58473646640777588,
        0.91663658618927002,
        77.532051086425781,
        1
      ],
      "name": "20190928_222702.jpg"
    },
    {
      "name": ""
    },
    {
      "children": [
        24
      ],
      "matrix": [
        -0.43422810473383544,
        -0.78972628616118179,
        0.4333339889800113,
        0,
        0.034849443873655961,
        0.46596534318595051,
        0.88411640365468636,
        0,
        -0.90012858488160352,
        0.39900963885057539,
        -0.17481372595816169,
        0,
        -0.61400693655014038,
        0.62212502956390381,
        77.148452758789062,
        1
      ],
      "name": "20190928_222704.jpg"
    },
    {
      "name": ""
    },
    {
      "children": [
        26
      ],
      "matrix": [
        -0.50898662242354176,
        -0.76367633267518997,
        0.39715371974293201,
        0,
        0.0060128671654560151,
        0.45822549801007961,
        0.88881563802729358,
        0,
        -0.86075342788880338,
        0.45478330211781848,
        -0.22863876419471718,
        0,
        0.052843648940324783,
        1.1959786415100098,
        77.247161865234375,
        1
      ],
      "name": "20190928_222718.jpg"
    },
    {
      "name": ""
    },
    {
      "children": [
        28
      ],
      "matrix": [
        -0.50423131222088857,
        -0.72171215842774417,
        0.47421761265643403,
        0,
        0.027164243508727037,
        0.5356098506977105,
        0.84402854910848535,
        0,
        -0.86314129066485956,
        0.43846738557519083,
        -0.25046649304100077,
        0,
        0.036364208906888962,
        0.769539475440979,
        76.513191223144531,
        1
      ],
      "name": "20190928_222722.jpg"
    },
    {
      "name": ""
    },
    {
      "children": [
        30
      ],
      "matrix": [
        -0.49520967185338294,
        -0.67943372974365934,
        0.54142145117226836,
        0,
        0.022027894758020472,
        0.61318207677457792,
        0.78963441704053483,
        0,
        -0.86849418694392799,
        0.40296097529293806,
        -0.28868720033207196,
        0,
        -0.09060785174369812,
        -0.20369455218315125,
        76.105880737304688,
        1
      ],
      "name": "20190928_222727.jpg"
    },
    {
      "name": ""
    },
    {
      "children": [
        32
      ],
      "matrix": [
        -0.48758690761368628,
        -0.62379682370490963,
        0.61084902411265918,
        0,
        0.012766245890494188,
        0.69448407758429553,
        0.71939480742340212,
        0,
        -0.87298111691467062,
        0.35856573834871075,
        -0.33065780013914381,
        0,
        -0.20419952273368835,
        -0.79101496934890747,
        75.841018676757812,
        1
      ],
      "name": "20190928_222731.jpg"
    },
    {
      "name": ""
    },
    {
      "children": [
        34
      ],
      "matrix": [
        -0.51289628574994373,
        -0.66689995321494888,
        0.54053848379723335,
        0,
        -0.019738773508061302,
        0.63866286535305339,
        0.76923346601628373,
        0,
        -0.85822361939316871,
        0.38386742089024273,
        -0.3407315986150441,
        0,
        0.62205320596694946,
        0.9705546498298645,
        75.552375793457031,
        1
      ],
      "name": "20190928_222745.jpg"
    },
    {
      "name": ""
    },
    {
      "children": [
        36
      ],
      "matrix": [
        -0.47649208141879296,
        -0.74484751660735549,
        0.46707330618334586,
        0,
        -0.06156292469237179,
        0.55822438745456071,
        0.8274028882922162,
        0,
        -0.87702069681878525,
        0.36549652563989671,
        -0.31184449184915297,
        0,
        0.72666364908218384,
        1.6716395616531372,
        76.164878845214844,
        1
      ],
      "name": "20190928_222758.jpg"
    },
    {
      "name": ""
    },
    {
      "children": [
        38
      ],
      "matrix": [
        -0.48294969180166136,
        -0.69002017111759661,
        0.53910273477281012,
        0,
        -0.033211450236791118,
        0.62965260505804399,
        0.77616660358249645,
        0,
        -0.87501805396337362,
        0.3569450383384839,
        -0.32700710213034978,
        0,
        0.49290227890014648,
        0.6957433819770813,
        75.659828186035156,
        1
      ],
      "name": "20190928_222801.jpg"
    },
    {
      "name": ""
    },
    {
      "children": [
        40
      ],
      "matrix": [
        -0.45392811702470803,
        -0.59544014518483168,
        0.66287276160411845,
        0,
        -0.024321919134030812,
        0.75193575853478367,
        0.65878756764708091,
        0,
        -0.89070629773457954,
        0.28291986239743955,
        -0.3558070300555809,
        0,
        -0.068968959152698517,
        -0.71771955490112305,
        75.209815979003906,
        1
      ],
      "name": "20190928_222804.jpg"
    },
    {
      "name": ""
    },
    {
      "children": [
        42
      ],
      "matrix": [
        -0.43298517595375596,
        -0.53921061999596898,
        0.72234046313899525,
        0,
        -0.025924750484666859,
        0.80847074856303192,
        0.58796509762930538,
        0,
        -0.90102815978003881,
        0.23585367497983484,
        -0.36403475010210729,
        0,
        -0.25502398610115051,
        -1.45802903175354,
        74.983253479003906,
        1
      ],
      "name": "20190928_222806.jpg"
    },
    {
      "name": ""
    },
    {
      "children": [
        44
      ],
      "matrix": [
        -0.44939008381169465,
        -0.4360050254079586,
        0.77971031184070161,
        0,
        -0.016895861016854946,
        0.87679994422275953,
        0.48055841236156183,
        0,
        -0.89317584072354861,
        0.20278430814530787,
        -0.40139188073229826,
        0,
        -0.39169296622276306,
        -2.0998075008392334,
        74.54205322265625,
        1
      ],
      "name": "20190928_222813.jpg"
    },
    {
      "name": ""
    },
    {
      "children": [
        46
      ],
      "matrix": [
        -0.43777831031491776,
        -0.35719117978581338,
        0.82508460905596503,
        0,
        -0.0055821729299757317,
        0.91875790795748502,
        0.39478189663530072,
        0,
        -0.89906562072142193,
        0.16822118668230859,
        -0.40420618746872305,
        0,
        -0.51393848657608032,
        -2.9623980522155762,
        74.374191284179688,
        1
      ],
      "name": "20190928_222814.jpg"
    },
    {
      "name": ""
    },
    {
      "children": [
        48
      ],
      "matrix": [
        -0.41733164509794007,
        -0.25036941946606744,
        0.87358425569378895,
        0,
        0.0078223783346687004,
        0.96027334246486462,
        0.2789514619939214,
        0,
        -0.90872058873838446,
        0.12324877909164551,
        -0.39879396943206458,
        0,
        -0.61954814195632935,
        -3.7371680736541748,
        74.2596435546875,
        1
      ],
      "name": "20190928_222816.jpg"
    },
    {
      "name": ""
    },
    {
      "children": [
        50
      ],
      "matrix": [
        -0.393839275635812,
        -0.29998504480190913,
        0.86884958298997594,
        0,
        -0.068639348531210564,
        0.95220398472075751,
        0.29765115708681933,
        0,
        -0.91661293074005312,
        0.057589446751188378,
        -0.39560610564426613,
        0,
        -0.94396430253982544,
        -2.8197124004364014,
        73.321365356445312,
        1
      ],
      "name": "20190928_222835.jpg"
    },
    {
      "name": ""
    },
    {
      "children": [
        52
      ],
      "matrix": [
        -0.40621421925012102,
        -0.20685624161486579,
        0.89005646078436351,
        0,
        -0.056414318594494833,
        0.97785939513541953,
        0.2015153294489288,
        0,
        -0.91203477605655681,
        0.031646463473249939,
        -0.40889004464905065,
        0,
        -0.82691144943237305,
        -3.708951473236084,
        73.372276306152344,
        1
      ],
      "name": "20190928_222837.jpg"
    },
    {
      "name": ""
    },
    {
      "children": [
        54
      ],
      "matrix": [
        -0.40905768120448882,
        -0.08666119362354785,
        0.90838408779951052,
        0,
        -0.040437426872112305,
        0.99622372179434349,
        0.076831703366442794,
        0,
        -0.91161210388825442,
        -0.0053041167001149567,
        -0.41101732127790203,
        0,
        -0.61221760511398315,
        -4.6182537078857422,
        73.522750854492188,
        1
      ],
      "name": "20190928_222838.jpg"
    },
    {
      "name": ""
    },
    {
      "children": [
        56
      ],
      "matrix": [
        -0.41155234895432335,
        0.031894910429292975,
        0.910827853526058,
        0,
        -0.024981732598976923,
        0.99861714884769381,
        -0.046256924494136042,
        0,
        -0.91104367464273184,
        -0.041791203811452571,
        -0.4101864431907245,
        0,
        -0.50367093086242676,
        -5.5557360649108887,
        73.626632690429688,
        1
      ],
      "name": "20190928_222840.jpg"
    },
    {
      "name": ""
    },
    {
      "children": [
        58
      ],
      "matrix": [
        -0.3895299663025289,
        0.16232945603230664,
        0.90659558407076213,
        0,
        0.02082238189949441,
        0.98564585014227701,
        -0.16753711979540431,
        0,
        -0.92077838471826789,
        -0.04638324914840998,
        -0.3873186807191904,
        0,
        -0.4070524275302887,
        -6.6999802589416504,
        73.651473999023438,
        1
      ],
      "name": "20190928_222842.jpg"
    },
    {
      "name": ""
    },
    {
      "children": [
        60
      ],
      "matrix": [
        -0.45278855842211496,
        0.068430951660615608,
        0.88898803491208234,
        0,
        -0.057103991722524318,
        0.99277782481727317,
        -0.10550509314927714,
        0,
        -0.88978742151784618,
        -0.098536264420294839,
        -0.44561075963526386,
        0,
        0.073107153177261353,
        -5.9083156585693359,
        72.324676513671875,
        1
      ],
      "name": "20190928_222852.jpg"
    },
    {
      "name": ""
    },
    {
      "children": [
        62
      ],
      "matrix": [
        -0.46510643092484827,
        0.18555513609631161,
        0.86558956750912208,
        0,
        -0.03308713596284546,
        0.97345888317931484,
        -0.22645759910644922,
        0,
        -0.88463622430133726,
        -0.13396676538440558,
        -0.44662249879099702,
        0,
        0.23512600362300873,
        -7.0237908363342285,
        72.743148803710938,
        1
      ],
      "name": "20190928_222854.jpg"
    },
    {
      "name": ""
    },
    {
      "children": [
        64
      ],
      "matrix": [
        -0.45152297534690855,
        0.2846524953547741,
        0.84563583156236655,
        0,
        -0.027027694197837848,
        0.94294824988326187,
        -0.33184047641666892,
        0,
        -0.89185004708203219,
        -0.17268918591039198,
        -0.41806929878835031,
        0,
        0.22870157659053802,
        -7.9318513870239258,
        73.258964538574219,
        1
      ],
      "name": "20190928_222857.jpg"
    },
    {
      "name": ""
    },
    {
      "children": [
        66
      ],
      "matrix": [
        -0.48763802997891181,
        0.41440073549238959,
        0.76842773384466845,
        0,
        -0.035548506351167963,
        0.87001417593614661,
        -0.49174346702965838,
        0,
        -0.87232187603801792,
        -0.2671092736943334,
        -0.40952067162964911,
        0,
        0.90223139524459839,
        -9.6170110702514648,
        72.956741333007812,
        1
      ],
      "name": "20190928_222903.jpg"
    },
    {
      "name": ""
    },
    {
      "children": [
        68
      ],
      "matrix": [
        -0.47638598801682175,
        0.51900126534483415,
        0.7097140811564171,
        0,
        -0.015876262801057583,
        0.80198455784026368,
        -0.59713374822164289,
        0,
        -0.87909290447637445,
        -0.29573375789080592,
        -0.37381440547827194,
        0,
        0.80617904663085938,
        -10.385791778564453,
        73.659278869628906,
        1
      ],
      "name": "20190928_222905.jpg"
    },
    {
      "name": ""
    },
    {
      "children": [
        70
      ],
      "matrix": [
        -0.46775223186945292,
        0.4843786548591521,
        0.73931398491979305,
        0,
        -0.096558914619962244,
        0.80344991855439329,
        -0.58749008875244313,
        0,
        -0.87856941990292403,
        -0.34618715616235263,
        -0.32904441542087048,
        0,
        0.47456058859825134,
        -10.147109985351562,
        73.24981689453125,
        1
      ],
      "name": "20190928_222915.jpg"
    },
    {
      "name": ""
    },
    {
      "children": [
        72
      ],
      "matrix": [
        -0.48742867929569766,
        0.57225244819488497,
        0.65950012747156694,
        0,
        -0.070617088772255032,
        0.72699054992425138,
        -0.6830065644590585,
        0,
        -0.870302538990542,
        -0.37948896671154364,
        -0.31394524167571247,
        0,
        0.52872663736343384,
        -10.755599021911621,
        74.306800842285156,
        1
      ],
      "name": "20190928_222917.jpg"
    },
    {
      "name": ""
    },
    {
      "children": [
        74
      ],
      "matrix": [
        -0.49396404333245658,
        0.64111252946407027,
        0.58734508464686486,
        0,
        -0.051252133592650628,
        0.65286725038181137,
        -0.75573644359729952,
        0,
        -0.86797047340151634,
        -0.40340931811632075,
        -0.28963456174992808,
        0,
        0.60972052812576294,
        -11.382696151733398,
        75.173469543457031,
        1
      ],
      "name": "20190928_222919.jpg"
    },
    {
      "name": ""
    },
    {
      "children": [
        76
      ],
      "matrix": [
        -0.47506390646217755,
        0.72698708894616382,
        0.49578630203191171,
        0,
        -0.031913164334117672,
        0.54881990812858705,
        -0.83533122675015137,
        0,
        -0.87937240957348606,
        -0.41265782550111885,
        -0.23752407106145923,
        0,
        0.33777326345443726,
        -11.63233470916748,
        76.589546203613281,
        1
      ],
      "name": "20190928_222921.jpg"
    },
    {
      "name": ""
    },
    {
      "children": [
        78
      ],
      "matrix": [
        -0.48621025283623887,
        0.73540694968626397,
        0.47199174610374817,
        0,
        -0.069887963592499269,
        0.50567814440277048,
        -0.85988678720995826,
        0,
        -0.87104262960076406,
        -0.45107231418755406,
        -0.19446980431848648,
        0,
        0.44584384560585022,
        -11.465320587158203,
        76.380668640136719,
        1
      ],
      "name": "20190928_222932.jpg"
    },
    {
      "name": ""
    },
    {
      "children": [
        80
      ],
      "matrix": [
        -0.50352003181055149,
        0.80147428277885968,
        0.32265546889772984,
        0,
        -0.012184344396886593,
        0.36682665115349211,
        -0.930209519277852,
        0,
        -0.8638976324293981,
        -0.47231047209185062,
        -0.17493912837113923,
        0,
        0.50997745990753174,
        -12.071257591247559,
        77.825126647949219,
        1
      ],
      "name": "20190928_222934.jpg"
    },
    {
      "name": ""
    },
    {
      "children": [
        82
      ],
      "matrix": [
        -0.51851733323262783,
        0.83083678251210968,
        0.20211386880233911,
        0,
        0.031516897213510697,
        0.25478174789616559,
        -0.96648484009269775,
        0,
        -0.85448607965686407,
        -0.49476913986616022,
        -0.15829414995110547,
        0,
        0.62169355154037476,
        -12.201679229736328,
        79.155166625976562,
        1
      ],
      "name": "20190928_222935.jpg"
    },
    {
      "name": ""
    },
    {
      "children": [
        84
      ],
      "matrix": [
        -0.52953816605773318,
        0.83840047842179932,
        0.12912772154076951,
        0,
        -0.071340741747932424,
        0.10766752578661443,
        -0.991624022731319,
        0,
        -0.84528091736124478,
        -0.53431483385087353,
        0.0027980478634150874,
        0,
        1.0247085094451904,
        -12.223396301269531,
        79.803184509277344,
        1
      ],
      "name": "20190928_222940.jpg"
    },
    {
      "name": ""
    },
    {
      "children": [
        86
      ],
      "matrix": [
        -0.53834618995043715,
        0.84131169885517232,
        0.048764794014451607,
        0,
        -0.065100578328706027,
        0.01617510856140747,
        -0.9977476036374604,
        0,
        -0.84020550728206733,
        -0.54030823724282673,
        0.046062070084109452,
        0,
        0.70603346824645996,
        -12.602813720703125,
        80.298164367675781,
        1
      ],
      "name": "20190928_222948.jpg"
    },
    {
      "name": ""
    },
    {
      "children": [
        88
      ],
      "matrix": [
        -0.54913717157780018,
        0.82214668551727876,
        -0.15007729436689005,
        0,
        0.012166307085724637,
        -0.17169258117802877,
        -0.98507544814614156,
        0,
        -0.83564367272386453,
        -0.54276743183556853,
        0.084280289363480865,
        0,
        0.74756038188934326,
        -12.091499328613281,
        81.972389221191406,
        1
      ],
      "name": "20190928_222950.jpg"
    },
    {
      "name": ""
    },
    {
      "children": [
        90
      ],
      "matrix": [
        -0.37913825337859164,
        0.86378391065544746,
        -0.33186072457856891,
        0,
        -0.050165757805638755,
        -0.37729610763745325,
        -0.92473295815895606,
        0,
        -0.92397921057176213,
        -0.33395359386359252,
        0.18637976171455373,
        0,
        -0.63922065496444702,
        -11.944850921630859,
        83.313125610351562,
        1
      ],
      "name": "20190928_223002.jpg"
    },
    {
      "name": ""
    },
    {
      "children": [
        92
      ],
      "matrix": [
        -0.39790772414743958,
        0.79623181625481654,
        -0.45572397111339347,
        0,
        -0.054891983226613872,
        -0.51651509388506645,
        -0.8545168389015807,
        0,
        -0.91578180438423995,
        -0.31500325803466994,
        0.24923208899796356,
        0,
        -0.46060022711753845,
        -11.273276329040527,
        84.475738525390625,
        1
      ],
      "name": "20190928_223004.jpg"
    },
    {
      "name": ""
    },
    {
      "children": [
        94
      ],
      "matrix": [
        -0.38737472152262797,
        0.67951116163829428,
        -0.62306131827793831,
        0,
        -0.016432735103487917,
        -0.68081023733112911,
        -0.73227548502059658,
        0,
        -0.92177588943424049,
        -0.27342641049120958,
        0.27489490301496589,
        0,
        -0.53773903846740723,
        -10.06877326965332,
        85.555618286132812,
        1
      ],
      "name": "20190928_223006.jpg"
    },
    {
      "name": ""
    },
    {
      "children": [
        96
      ],
      "matrix": [
        -0.45301823174323363,
        0.58635403310076062,
        -0.67153810731387853,
        0,
        0.055272029927470878,
        -0.73334448619378501,
        -0.67760672021229995,
        0,
        -0.88978620152030385,
        -0.34408547257279792,
        0.29980944472852011,
        0,
        -0.06521722674369812,
        -9.9621791839599609,
        85.814277648925781,
        1
      ],
      "name": "20190928_223016.jpg"
    },
    {
      "name": ""
    },
    {
      "children": [
        98
      ],
      "matrix": [
        -0.46420019202071083,
        0.46764219426039977,
        -0.75221603271616977,
        0,
        0.052920144168304567,
        -0.83310038324497127,
        -0.55058442565903354,
        0,
        -0.8841479740796454,
        -0.29538877701158606,
        0.36197766553540078,
        0,
        0.10790511965751648,
        -8.697575569152832,
        86.465446472167969,
        1
      ],
      "name": "20190928_223018.jpg"
    },
    {
      "name": ""
    },
    {
      "children": [
        100
      ],
      "matrix": [
        -0.39960228787481067,
        0.36946131164176993,
        -0.83893763220227491,
        0,
        0.096207464134136167,
        -0.893225646488506,
        -0.43919479539273776,
        0,
        -0.9116260940594535,
        -0.25621530722252495,
        0.3213900760365378,
        0,
        -0.41133603453636169,
        -7.7729935646057129,
        86.880088806152344,
        1
      ],
      "name": "20190928_223031.jpg"
    },
    {
      "name": ""
    },
    {
      "children": [
        102
      ],
      "matrix": [
        -0.40715282395020824,
        0.31406104324814477,
        -0.85766674125983089,
        0,
        0.057346032130767916,
        -0.92838100028329129,
        -0.36717863624107094,
        0,
        -0.91155801271681436,
        -0.19868160314151562,
        0.35998279128993038,
        0,
        -0.38835197687149048,
        -7.150022029876709,
        86.738983154296875,
        1
      ],
      "name": "20190928_223033.jpg"
    },
    {
      "name": ""
    },
    {
      "children": [
        104
      ],
      "matrix": [
        -0.38722994470750938,
        0.1826046468337249,
        -0.90371926662905111,
        0,
        0.028633150043449893,
        -0.97733603769680366,
        -0.2097484496669802,
        0,
        -0.92153844881285807,
        -0.10709720992557664,
        0.37322523358656812,
        0,
        -0.11257261782884598,
        -6.1314020156860352,
        86.775749206542969,
        1
      ],
      "name": "20190928_223035.jpg"
    },
    {
      "name": ""
    },
    {
      "children": [
        106
      ],
      "matrix": [
        -0.52919463360619989,
        -0.27698965355427868,
        -0.80201606691280214,
        0,
        0.043688927743630201,
        -0.95285703094725571,
        0.30025781616303043,
        0,
        -0.84737495676649044,
        0.12385560301520872,
        0.51634820833109063,
        0,
        -0.43296533823013306,
        -3.3435180187225342,
        85.725990295410156,
        1
      ],
      "name": "20190928_223055.jpg"
    },
    {
      "name": ""
    },
    {
      "children": [
        108
      ],
      "matrix": [
        -0.54336558385935918,
        -0.45984175391290172,
        -0.70235276295853244,
        0,
        0.054530230000390284,
        -0.85420222994855766,
        0.51707349996592966,
        0,
        -0.83772328145592478,
        0.24266048650165123,
        0.48921937001461779,
        0,
        -0.39889851212501526,
        -2.3238987922668457,
        84.570831298828125,
        1
      ],
      "name": "20190928_223057.jpg"
    },
    {
      "name": ""
    },
    {
      "children": [
        110
      ],
      "matrix": [
        -0.55553012334641383,
        -0.59636529326669163,
        -0.57942619809743789,
        0,
        0.03041278022454591,
        -0.71095443941810776,
        0.70258013626254601,
        0,
        -0.8309400368580947,
        0.37268246813959094,
        0.41309373402128868,
        0,
        0.42985743284225464,
        -0.65776973962783813,
        85.19482421875,
        1
      ],
      "name": "20190928_223106.jpg"
    },
    {
      "name": ""
    },
    {
      "children": [
        112
      ],
      "matrix": [
        -0.52940946514692411,
        -0.73162479349021514,
        -0.42947733323569925,
        0,
        0.055696000458656414,
        -0.53512170501633438,
        0.84293695870647434,
        0,
        -0.84653622116585014,
        0.42233863471249133,
        0.32404707047500314,
        0,
        0.19446969032287598,
        0.082418419420719147,
        83.847549438476562,
        1
      ],
      "name": "20190928_223108.jpg"
    },
    {
      "name": ""
    },
    {
      "children": [
        114
      ],
      "matrix": [
        -0.48257605828827099,
        -0.80308749180927097,
        -0.34952943862634744,
        0,
        -0.03293725494729749,
        -0.38215043555005712,
        0.92351295705335856,
        0,
        -0.87523453154197028,
        0.45717778282457677,
        0.15796515339818484,
        0,
        0.11238336563110352,
        0.49080556631088257,
        83.063591003417969,
        1
      ],
      "name": "20190928_223111.jpg"
    },
    {
      "name": ""
    },
    {
      "children": [
        116
      ],
      "matrix": [
        -0.46056778498618201,
        -0.84556482926675147,
        -0.26999524984712459,
        0,
        -0.048281518828776404,
        -0.27986192227987239,
        0.95882542696645312,
        0,
        -0.88631044807815984,
        0.45463988382554388,
        0.088070231421222056,
        0,
        -0.68991267681121826,
        0.27434605360031128,
        82.236457824707031,
        1
      ],
      "name": "20190928_223119.jpg"
    },
    {
      "name": ""
    }
  ],
  "scene": 0,
  "scenes": [
    {
      "name": "OSG_Scene",
      "nodes": [
        0
      ]
    }
  ]
}

